spawns: 
  default: 
    world: world
    x: -235.6457256249899
    y: 64.0
    z: 843.1807873582308
    yaw: 182.68799
    pitch: 14.250042
