spawns: 
  default: 
    world: Spawn
    x: 1.7643322398653254
    y: 9.0
    z: 83.55657852541705
    yaw: -6.5999994
    pitch: 33.450005
